title line 1
title line 2
2017-06-18 00:00:00 50136 52.9744 122.5108 438.5 229 128 2 50 147 999999 0
2017-06-18 00:00:00 50468 50.2481 127.4619 166.4 368 259 999999 999999 999999 999999 0
2017-06-18 00:00:00 50527 49.25 119.7 650.2 565 319 999999 999999 999999 999999 0
2017-06-18 00:00:00 50742 47.7928 124.4772 162.7 0 999999 999999 999999 999999 999999 0
2017-06-18 00:00:00 50834 46.6 121.2167 499.7 590 999999 999999 999999 999999 999999 0
2017-06-18 00:00:00 50873 46.7833 130.3 82 559 999999 999999 999999 999999 999999 0
2017-06-18 00:00:00 50953 45.9333 126.5667 118.3 43 1 0 15 1 999999 0
2017-06-18 00:00:00 51076 47.7333 88.0833 735.3 320 120 999999 999999 999999 999999 0
2017-06-18 00:00:00 51133 46.7333 83 534.9 72 28 999999 999999 999999 999999 0
2017-06-18 00:00:00 51358 44.2833 85.8167 468.5 214 87 229 94 47 999999 0.1
2017-06-18 00:00:00 51431 43.95 81.3333 662.5 26 -31 999999 999999 999999 999999 0
2017-06-18 00:00:00 51463 43.7833 87.65 935 168 15 159 46 29 999999 0.2
2017-06-18 00:00:00 51567 42.0833 86.5667 1055.3 39 999999 999999 999999 999999 999999 0
2017-06-18 00:00:00 51573 42.95 89.2333 40.2 201 999999 999999 999999 999999 999999 0
2017-06-18 00:00:00 51628 41.1167 80.3833 1108.1 29 999999 999999 999999 999999 999999 0
2017-06-18 00:00:00 51709 39.4858 75.7539 1385.6 36 -76 234 32 10 999999 0.1
2017-06-18 00:00:00 51777 39.0333 88.1667 887.7 136 999999 999999 999999 999999 999999 0
2017-06-18 00:00:00 51828 37.1333 79.9333 1375 29 -54 999999 999999 999999 999999 0
2017-06-18 00:00:00 52203 42.8167 93.5167 737.2 104 -9 999999 999999 999999 999999 0
2017-06-18 00:00:00 52267 41.95 101.0667 940.5 356 202 14 154 89 999999 0.1
2017-06-18 00:00:00 52418 40.15 94.6833 1139 102 6 999999 999999 999999 999999 0
2017-06-18 00:00:00 52533 39.7667 98.4833 1477.2 151 999999 999999 999999 999999 999999 0
2017-06-18 00:00:00 52681 38.6333 103.0833 1367.5 461 999999 999999 999999 999999 999999 0
2017-06-18 00:00:00 52754 37.3333 100.1333 3302.3 245 999999 999999 999999 999999 999999 0
2017-06-18 00:00:00 52818 36.4167 94.9167 2808.3999 161 48 145 133 42 999999 0
2017-06-18 00:00:00 52866 36.7333 101.75 2296 84 60 999999 999999 999999 999999 0
2017-06-18 00:00:00 52983 35.8667 104.15 1874.4 320 163 383 159 76 999999 5.9
2017-06-18 00:00:00 53068 43.6167 111.9333 964.6 318 165 999999 999999 999999 999999 0
2017-06-18 00:00:00 53336 41.5667 108.5167 1288 23 999999 999999 999999 999999 999999 0
2017-06-18 00:00:00 53399 41.15 114.7 1393.3 420 263 61 360 66 999999 0.3
2017-06-18 00:00:00 53487 40.0833 113.4167 1053.6 496 999999 999999 999999 999999 999999 0
2017-06-18 00:00:00 53543 39.8333 109.9833 1461.9 375 999999 999999 999999 999999 999999 0
2017-06-18 00:00:00 53614 38.4667 106.2 1111.6 165 65 0 130 35 999999 0
2017-06-18 00:00:00 53698 38.0731 114.3514 103.6 451 266 175 230 100 232 1
2017-06-18 00:00:00 53704 37.5253 105.1778 1226.6 386 -43 0 286 96 999999 0
2017-06-18 00:00:00 53772 37.6206 112.5764 777.3 280 118 999999 999999 999999 999999 0
2017-06-18 00:00:00 53798 37.1808 114.3589 183 473 999999 280 285 102 999999 1
2017-06-18 00:00:00 53817 36 106.2667 1754.2 439 108 2 211 88 999999 0
2017-06-18 00:00:00 53845 36.5833 109.45 1180.5 302 999999 999999 999999 999999 999999 0
2017-06-18 00:00:00 53923 35.7333 107.6333 1421 376 999999 999999 999999 999999 999999 0
2017-06-18 00:00:00 53963 35.65 111.3667 435.1 63 999999 999999 999999 999999 999999 0
2017-06-18 00:00:00 54102 43.95 116.1167 1003 282 999999 999999 999999 999999 999999 0
2017-06-18 00:00:00 54135 43.6 122.2667 178.7 258 999999 999999 999999 999999 999999 0
2017-06-18 00:00:00 54161 43.9 125.2167 237.8 342 94 999999 999999 999999 999999 0
2017-06-18 00:00:00 54292 42.8744 129.5042 259.1 487 999999 999999 999999 999999 999999 0
2017-06-18 00:00:00 54311 41.9667 117.7667 892.7 255 167 4 258 37 999999 0.4
2017-06-18 00:00:00 54324 41.5478 120.4292 173 502 999999 999999 999999 999999 999999 0
2017-06-18 00:00:00 54342 41.7325 123.51 49 69 20 1 48 10 999999 0
2017-06-18 00:00:00 54455 40.6167 120.65 20.5 521 999999 999999 999999 999999 999999 0
2017-06-18 00:00:00 54511 39.8 116.4667 32.3 381 136 230 257 75 999999 1
2017-06-18 00:00:00 54527 39.0833 117.05 4.3 468 94 999999 999999 999999 999999 0
2017-06-18 00:00:00 54539 39.4292 118.8867 8.5 439 240 999999 999999 999999 999999 0
2017-06-18 00:00:00 54606 38.2231 115.7431 18.9 443 283 311 224 57 999999 1
2017-06-18 00:00:00 54662 38.9083 121.64 91.5 351 999999 999999 999999 999999 999999 0
2017-06-18 00:00:00 54764 37.4789 121.2339 53.9 520 297 999999 999999 89 999999 0
2017-06-18 00:00:00 54823 36.6 117 170.3 426 236 999999 999999 999999 999999 0
2017-06-18 00:00:00 54936 35.5681 118.8389 107.4 503 999999 999999 999999 999999 999999 0
2017-06-18 00:00:00 55228 32.5 80.0833 4279.7998 0 -40 999999 999999 999999 999999 0
2017-06-18 00:00:00 55299 31.4833 92.0667 4508.2002 106 999999 999999 999999 999999 999999 0
2017-06-18 00:00:00 55437 30.2833 81.25 3901.2 0 999999 999999 999999 999999 999999 0
2017-06-18 00:00:00 55578 29.25 88.8833 3837.2 0 999999 999999 999999 999999 999999 0
2017-06-18 00:00:00 55591 29.6667 91.1333 3650.1001 18 -94 0 21 5 999999 0
2017-06-18 00:00:00 55690 27.9833 91.95 4281.2998 186 999999 999999 999999 999999 999999 0
2017-06-18 00:00:00 56029 33.0014 96.9642 3717.7 34 999999 999999 999999 999999 999999 0
2017-06-18 00:00:00 56043 34.4833 100.2333 3719.8 55 999999 999999 999999 999999 999999 0
2017-06-18 00:00:00 56137 31.15 97.1667 3316.2 33 -44 999999 999999 999999 999999 0
2017-06-18 00:00:00 56146 31.6167 100 3394.3999 18 999999 999999 999999 999999 999999 0
2017-06-18 00:00:00 56173 32.8 102.55 3492.8 126 999999 999999 999999 999999 999999 0
2017-06-18 00:00:00 56187 30.7489 103.8611 547.7 74 25 0 63 16 999999 0
2017-06-18 00:00:00 56196 31.45 104.7333 522.7 270 999999 999999 999999 999999 999999 0
2017-06-18 00:00:00 56312 29.6667 94.3333 2993 62 18 0 71 10 999999 0
2017-06-18 00:00:00 56385 29.5214 103.3356 3070.8 59 999999 999999 999999 999999 999999 0
2017-06-18 00:00:00 56651 26.8469 100.2175 2380.8999 94 999999 999999 999999 999999 999999 0
2017-06-18 00:00:00 56666 26.5761 101.72 1224.8 53 999999 999999 999999 999999 999999 0
2017-06-18 00:00:00 56691 26.8667 104.2833 2238.6001 27 6 0 30 4 999999 0
2017-06-18 00:00:00 56739 24.9844 98.5056 1695.9 21 999999 999999 999999 999999 999999 0
2017-06-18 00:00:00 56778 25 102.65 1888.1 257 141 126 211 59 999999 0.3
2017-06-18 00:00:00 56959 22 100.7833 582 275 161 999999 999999 999999 999999 0
2017-06-18 00:00:00 56985 23.4444 103.3278 1314.9 57 999999 999999 999999 999999 999999 0
2017-06-18 00:00:00 57083 34.7167 113.65 110.4 401 215 117 245 76 999999 0.2
2017-06-18 00:00:00 57131 34.4333 108.9667 410 242 208 999999 999999 999999 999999 0
2017-06-18 00:00:00 57178 33.1006 112.4869 180.6 392 999999 999999 999999 999999 999999 0
2017-06-18 00:00:00 57245 32.7167 109.0333 290.8 170 999999 999999 999999 999999 999999 0
2017-06-18 00:00:00 57348 31.0167 109.5333 299.8 175 129 2 143 35 999999 0
2017-06-18 00:00:00 57363 31.8 111.8333 151.9 74 999999 999999 999999 999999 999999 0
2017-06-18 00:00:00 57381 31.6192 113.3386 117.3 120 999999 999999 999999 999999 999999 0
2017-06-18 00:00:00 57426 30.6833 107.8 454.5 122 11 0 103 20 999999 0
2017-06-18 00:00:00 57432 30.7667 108.4 186.7 244 155 6 190 46 999999 0.1
2017-06-18 00:00:00 57461 30.7367 111.3592 256.5 241 999999 999999 999999 999999 999999 0
2017-06-18 00:00:00 57476 30.35 112.15 31.8 240 999999 999999 999999 999999 999999 0
2017-06-18 00:00:00 57482 30.9 113.95 25.5 330 999999 999999 999999 999999 999999 0
2017-06-18 00:00:00 57494 30.5978 114.0506 24.6 547 339 557 237 120 999999 0.5
2017-06-18 00:00:00 57502 29.7 105.7 394.7 58 -35 0 44 9 999999 0
2017-06-18 00:00:00 57512 29.9656 106.2633 364.5 84 33 0 66 12 999999 0
2017-06-18 00:00:00 57516 29.5764 106.4647 259.1 91 -769 0 70 0 999999 0
2017-06-18 00:00:00 57517 29.2833 106.25 261.4 28 0 0 14 4 999999 0
2017-06-18 00:00:00 57519 29.1614 107.1122 698.8 166 -402 0 123 15 999999 0
2017-06-18 00:00:00 57520 29.8333 107.0667 377.6 88 0 6 62 15 999999 0
2017-06-18 00:00:00 57522 29.7364 107.2728 372.8 87 68 0 71 13 999999 0
2017-06-18 00:00:00 57523 29.85 107.7333 290.5 95 32 0 86 17 999999 0
2017-06-18 00:00:00 57536 29.5244 108.7622 786.9 169 80 0 123 32 999999 0.2
2017-06-18 00:00:00 57545 29.5278 109.4208 503.8 96 999999 999999 999999 999999 999999 0
2017-06-18 00:00:00 57604 28.7872 105.3928 370.1 58 999999 999999 999999 999999 999999 0
2017-06-18 00:00:00 57606 28.1333 106.8333 972.7 43 21 0 38 8 999999 0
2017-06-18 00:00:00 57612 29 106.65 474.7 64 20 0 48 6 999999 0
2017-06-18 00:00:00 57633 28.8167 108.7667 826.5 200 27 0 149 33 999999 0
2017-06-18 00:00:00 57649 28.2381 109.6819 254.6 228 999999 999999 999999 999999 999999 0
2017-06-18 00:00:00 57687 28.1086 112.7864 119 366 176 999999 999999 999999 999999 0
2017-06-18 00:00:00 57816 26.5833 106.7333 1224.9 103 88 999999 999999 999999 999999 0
2017-06-18 00:00:00 57832 26.9667 108.6667 626.9 126 114 9650 172 27 999999 1
2017-06-18 00:00:00 57874 26.4086 112.3942 116.6 79 999999 999999 999999 999999 999999 0
2017-06-18 00:00:00 57902 25.4333 105.1833 1379.3 19 1349 0 16 5 999999 0
2017-06-18 00:00:00 57910 25.7667 106.0833 1198.8 1 1 0 1 0 999999 0
2017-06-18 00:00:00 57936 25.7564 108.9094 258.1 150 22 1 114 24 999999 0
2017-06-18 00:00:00 57957 25.3167 110.3 164.4 233 125 999999 999999 999999 999999 0
2017-06-18 00:00:00 57993 25.8667 115 138.4 77 999999 999999 62 999999 999999 0
2017-06-18 00:00:00 58138 32.9833 118.5167 40.8 541 349 999999 999999 94 999999 0
2017-06-18 00:00:00 58141 33.6378 118.9269 12.5 532 999999 999999 999999 999999 999999 0
2017-06-18 00:00:00 58208 32.1667 115.6167 42.9 514 999999 999999 999999 999999 999999 0
2017-06-18 00:00:00 58238 31.9333 118.9 35.2 310 174 999999 999999 999999 999999 0
2017-06-18 00:00:00 58241 32.7919 119.4481 5.4 588 394 999999 999999 999999 999999 0
2017-06-18 00:00:00 58265 32.0667 121.6 3.6 467 999999 999999 999999 999999 999999 0
2017-06-18 00:00:00 58321 31.7833 117.3 27 271 149 999999 999999 999999 999999 0
2017-06-18 00:00:00 58358 31.0797 120.4344 16.7 210 62 26 193 51 999999 0.6
2017-06-18 00:00:00 58362 31.4 121.45 20.5 493 299 308 304 115 999999 0.8
2017-06-18 00:00:00 58402 30.7333 115.6667 123.8 87 999999 999999 999999 999999 999999 0
2017-06-18 00:00:00 58457 30.2261 120.1647 42.6 579 269 999999 999999 999999 999999 0
2017-06-18 00:00:00 58531 29.7167 118.2833 142.7 292 999999 999999 999999 999999 999999 0
2017-06-18 00:00:00 58606 28.6 115.9167 47.9 219 124 999999 999999 999999 999999 0
2017-06-18 00:00:00 58637 28.45 117.9833 119.2 999999 999999 999999 999999 999999 999999 999999
2017-06-18 00:00:00 58665 28.6181 121.4167 5.3 174 999999 999999 999999 999999 999999 0
2017-06-18 00:00:00 58737 27.05 118.3167 154.9 58 999999 999999 999999 999999 999999 0
2017-06-18 00:00:00 58847 26.0833 119.2833 85 32 8 999999 999999 999999 999999 0
2017-06-18 00:00:00 58921 25.9667 117.35 206 71 25 999999 999999 999999 999999 0
2017-06-18 00:00:00 59431 22.7833 108.55 122.8 111 82 999999 999999 999999 999999 0
2017-06-18 00:00:00 59644 21.45 109.1333 12.8 146 999999 999999 999999 999999 999999 0
2017-06-18 00:00:00 59758 20 110.25 63.5 143 90 999999 999999 999999 999999 0
2017-06-18 00:00:00 59948 18.2167 109.5833 419.4 999999 999999 999999 999999 999999 999999 999999
2017-06-18 00:00:00 59981 16.8333 112.3333 5.4 200 999999 999999 999999 999999 999999 0
2017-06-18 00:00:00 F6137 24.3342 117.4914 999999 999999 999999 999999 999999 999999 999999 999999
2017-06-18 00:00:00 F6137 24.3342 117.4914 999999 999999 999999 999999 999999 999999 999999 999999
2017-06-18 00:00:00 F6137 24.3342 117.4914 999999 999999 999999 999999 999999 999999 999999 999999
2017-06-18 00:00:00 F6137 24.3342 117.4914 999999 999999 999999 999999 999999 999999 999999 999999
2017-06-18 00:00:00 F6137 24.3342 117.4914 999999 999999 999999 999999 999999 999999 999999 999999
2017-06-18 00:00:00 F6137 24.3342 117.4914 999999 999999 999999 999999 999999 999999 999999 999999
2017-06-18 00:00:00 F6137 24.3342 117.4914 999999 999999 999999 999999 999999 999999 999999 999999
2017-06-18 00:00:00 F6137 24.3342 117.4914 999999 999999 999999 999999 999999 999999 999999 999999
2017-06-18 00:00:00 F6137 24.3342 117.4914 999999 999999 999999 999999 999999 999999 999999 999999
2017-06-18 00:00:00 F6137 24.3342 117.4914 999999 999999 999999 999999 999999 999999 999999 999999
2017-06-18 00:00:00 F6137 24.3342 117.4914 999999 999999 999999 999999 999999 999999 999999 999999
2017-06-18 00:00:00 F6137 24.3342 117.4914 999999 999999 999999 999999 999999 999999 999999 999999
2017-06-18 00:00:00 F6138 24.0769 117.5458 999999 999999 999999 999999 999999 999999 999999 999999
2017-06-18 00:00:00 F6138 24.0769 117.5458 999999 999999 999999 999999 999999 999999 999999 999999
2017-06-18 00:00:00 F6138 24.0769 117.5458 999999 999999 999999 999999 999999 999999 999999 999999
2017-06-18 00:00:00 F6138 24.0769 117.5458 999999 999999 999999 999999 999999 999999 999999 999999
2017-06-18 00:00:00 F6138 24.0769 117.5458 999999 999999 999999 999999 999999 999999 999999 999999
2017-06-18 00:00:00 F6138 24.0769 117.5458 999999 999999 999999 999999 999999 999999 999999 999999
2017-06-18 00:00:00 F6138 24.0769 117.5458 999999 999999 999999 999999 999999 999999 999999 999999
2017-06-18 00:00:00 F6138 24.0769 117.5458 999999 999999 999999 999999 999999 999999 999999 999999
2017-06-18 00:00:00 F6138 24.0769 117.5458 999999 999999 999999 999999 999999 999999 999999 999999
2017-06-18 00:00:00 F6138 24.0769 117.5458 999999 999999 999999 999999 999999 999999 999999 999999
2017-06-18 00:00:00 F6138 24.0769 117.5458 999999 999999 999999 999999 999999 999999 999999 999999
2017-06-18 00:00:00 F6138 24.0769 117.5458 999999 999999 999999 999999 999999 999999 999999 999999
2017-06-18 00:00:00 F9240 27.6167 117.9847 224.2 113 999999 999999 999999 999999 999999 999999
2017-06-18 00:00:00 F9240 27.6167 117.9847 224.2 123 999999 999999 999999 999999 999999 999999
2017-06-18 00:00:00 F9240 27.6167 117.9847 224.2 131 999999 999999 999999 999999 999999 999999
2017-06-18 00:00:00 F9240 27.6167 117.9847 224.2 138 999999 999999 999999 999999 999999 999999
2017-06-18 00:00:00 F9240 27.6167 117.9847 224.2 149 999999 999999 999999 999999 999999 999999
2017-06-18 00:00:00 F9240 27.6167 117.9847 224.2 151 999999 999999 999999 999999 999999 999999
2017-06-18 00:00:00 F9240 27.6167 117.9847 224.2 163 999999 999999 999999 999999 999999 999999
2017-06-18 00:00:00 F9240 27.6167 117.9847 224.2 164 999999 999999 999999 999999 999999 999999
2017-06-18 00:00:00 F9240 27.6167 117.9847 224.2 168 999999 999999 999999 999999 999999 999999
2017-06-18 00:00:00 F9240 27.6167 117.9847 224.2 175 999999 999999 999999 999999 999999 999999
2017-06-18 00:00:00 F9240 27.6167 117.9847 224.2 176 999999 999999 999999 999999 999999 999999
2017-06-18 00:00:00 F9240 27.6167 117.9847 224.2 184 999999 999999 999999 999999 999999 999999
2017-06-18 00:00:00 P1152 28.5047 109.2797 311 999999 999999 999999 999999 999999 10 999999
2017-06-18 00:00:00 P1152 28.5047 109.2797 311 999999 999999 999999 999999 999999 10 999999
2017-06-18 00:00:00 P1152 28.5047 109.2797 311 999999 999999 999999 999999 999999 10 999999
2017-06-18 00:00:00 P1152 28.5047 109.2797 311 999999 999999 999999 999999 999999 11 999999
2017-06-18 00:00:00 P1152 28.5047 109.2797 311 999999 999999 999999 999999 999999 11 999999
2017-06-18 00:00:00 P1152 28.5047 109.2797 311 999999 999999 999999 999999 999999 11 999999
2017-06-18 00:00:00 P1152 28.5047 109.2797 311 999999 999999 999999 999999 999999 12 999999
2017-06-18 00:00:00 P1152 28.5047 109.2797 311 999999 999999 999999 999999 999999 13 999999
2017-06-18 00:00:00 P1152 28.5047 109.2797 311 999999 999999 999999 999999 999999 8 999999
2017-06-18 00:00:00 P1152 28.5047 109.2797 311 999999 999999 999999 999999 999999 9 999999
2017-06-18 00:00:00 P1152 28.5047 109.2797 311 999999 999999 999999 999999 999999 9 999999
2017-06-18 00:00:00 P1152 28.5047 109.2797 311 999999 999999 999999 999999 999999 9 999999
2017-06-18 00:00:00 U2020 28.1319 86.9239 5209 21 999999 999999 999999 999999 999999 999999
2017-06-18 00:00:00 U4319 29.3392 95.3344 952 999999 999999 999999 999999 999999 999999 0
